32757522
32757521
32757520
32757519
32757518
32757517
32757516
32757514
32757515
32757513
32757512
32757510
32757511
32757509
32757508
32757506
32757507
32757504
32757505
32757503
32757502
32757501
32757500
32757499
32757498
32757496
32757497
32757494
32757495
32757493
32757491
32757492
32757490
32757489
32757488
32757487
32757486
32757485
32757484
32757483
32757482
32757481
32757480
32757479
32757478
32757477
32757476
32757475
32757474
32757473
32757472
32757471
32757470
32757469
32757468
32757467
32757466
32757464
32757463
32757465
32701819
32701818
32701817
32701814
32701816
32701815
32701813
32701812
32701811
32700998
32700997
32700996
32700995
32700993
32700992
32700994
32700653
32700652
32700651
32700650
32700649
32700648
32700647
32700646
32700645
32700644
32700643
32700642
32700639
32700641
32700640
32699338
32699306
32699305
32699304
32699302
32699303
32699301
32699299
32699300
32699298
32699297
32699296
32699293
32699294
32699295
32698856
32698855
32698854
32698853
32698852
32698851
32698850
32698849
32698848
32698846
32698847
32698845
32698844
32698842
32698843
32698839
32698841
32698840
32698836
32698838
32698837
32698835
32698833
32698834
32698832
32698830
32698831
32698829
32698828
32698827
32698825
32698826
32698824
32698822
32698823
32698821
32698820
32698818
32698819
32698817
32698816
32698815
32698814
32698813
32698812
32698811
32698810
32698809
32698808
32698806
32698807
32698805
32698804
32698803
32698802
32698801
32698800
32698799
32698797
32698798
32698796